1|20220614|100004|3901-00-2201300.89.00001200|||0.00|11000000.00|610080001200LAK2LADBMB00167610
2|20220614|000006|3901-01-1131210.00000001|||0.00|12.44|US002    610.               .
3|20220614|100008|3901-01-2201300.89.00000815|||2100.00|0.00|610080000815USD2LADBMS00332610
4|20220614|000006|3901-01-2382120.00000001|||12.44|0.00|186413.00 ACFV000006LAK14985.0      14985.0     #
5|20220614|200008|3901-00-1101100.00000001|||0.00|1000000.00|
6|20220614|000004|3901-01-2382120.00000001|||97.97|0.00|1468080.00 ACFV000004LAK14985.0      14985.0     #
7|20220614|100005|3901-00-2201300.89.00000688|||0.00|538.00|610080000688LAK20220614
8|20220614|100007|3901-00-2201300.89.00001234|||1000000.00|0.00|610080001234LAK2LADBMS00331610
9|20220614|000004|3901-01-1131210.00000001|||0.00|97.97|US002    610.               .
10|20220614|000002|3901-00-4405100.00000001|||400000.00|0.00|
11|20220614|200007|3901-00-1101100.00000001|||11000000.00|0.00|
12|20220614|000006|3901-00-2382120.00000000|||0.00|186413.00|12.44 ACFV000006USD14985.0      14985.0     #
13|20220614|000005|3901-00-4101800.00000001|||23526.00|0.00|
14|20220614|100001|3901-00-2201300.89.00000688|||0.00|1000000.00|610080000688LAK20220614
15|20220614|000008|3901-00-4408710.00000001|||870000.00|0.00|
16|20220614|000007|3901-00-4408500.00000001|||538.00|0.00|
17|20220614|000006|3901-00-4101800.00000001|||186413.00|0.00|
18|20220614|000001|3901-00-4405100.00000001|||300000.00|0.00|
19|20220614|000004|3901-00-2382120.00000000|||0.00|1468080.00|97.97 ACFV000004USD14985.0      14985.0     #
20|20220614|000005|3901-00-2382120.00000000|||0.00|23526.00|1.57 ACFV000005USD14985.0      14985.0     #
21|20220614|200009|3901-01-1101100.00000001|||0.00|2100.00|
22|20220614|000005|3901-01-1131210.00000001|||0.00|1.57|US002    610.               .
23|20220614|000004|3901-00-4101800.00000001|||1468080.00|0.00|2022/04 SIPN CONNECTIVITY&SIPNCONNECTIVITY-VPN BOX
24|20220614|000005|3901-01-2382120.00000001|||1.57|0.00|23526.00 ACFV000005LAK14985.0      14985.0     #
25|20220614|100002|3901-01-2201300.89.00001200|||0.00|100.00|610080001200USD2LADBMB00166610
26|20220614|000003|3901-00-4405100.00000001|||300000.00|0.00|
27|20220614|200006|3901-01-1101100.00000001|||0.00|2800.00|
28|20220614|100003|3901-01-2201300.89.00001013|||2800.00|0.00|610080001013USD2LADBMS00330610
29|20220614|200005|3901-01-1101100.00000001|||100.00|0.00|
30|20220614|100006|3901-00-2201300.99.00003999|||0.00|870000.00|610070003999LAK20220614
