1|20220615|200009|3901-01-1131210.00000001|||0.00|70000.00|US002    6102LADBRT00017610
2|20220615|600001|3901-00-4102151.00000001|||10741365.00|0.00|92.60 610230000088USD15021.0          2.95
3|20220615|100010|3901-01-2201300.89.00001919|||1100.00|0.00|610080001919USD2LADBMS00335610
4|20220615|100002|3901-01-2201300.99.00003999|||1000.00|0.00|610070003999USD2LADBMS00333610
5|20220615|200011|3901-01-1101100.00000001|||0.00|800.00|
6|20220615|600001|3901-01-2201513.99.12.00000088|||0.00|70000.00|610230000088000000820220615
7|20220615|200009|3901-01-2161400.00000001|||0.00|70000.00|
8|20220615|200005|3901-01-2261400.00000001|||0.00|170000.00|2AFOBRT248540512LADBRI00026610
9|20220615|600001|3901-01-2201513.99.12.00000088|||0.00|2413.06|610230000088000000820220615 Terminal Interest
10|20220615|600001|3901-01-2207513.00000001|||0.00|92.60|610230000088000000820220615 Terminal Interest
11|20220615|200007|3901-00-5102840.00000001|||0.00|150600.00|2AFFHRT004652662LADBRI00027610
12|20220615|100005|3901-01-2201300.99.00000230|||0.00|70000.00|610070000230USD610230000088
13|20220615|200009|3901-01-2161400.00000001|||70000.00|0.00|
14|20220615|200006|3901-01-1101100.00000001|||0.00|1000.00|
15|20220615|200005|3901-01-1131210.00000001|||170000.00|0.00|US002    6102LADBRI00026610 2AFOBRT24854051
16|20220615|200005|3901-00-5102840.00000001|||0.00|150600.00|2AFOBRT248540512LADBRI00026610
17|20220615|200010|3901-00-1101100.00000001|||57500000.00|0.00|
18|20220615|200005|3901-01-2261400.00000001|||170000.00|0.00|2AFOBRT248540512LADBRI00026610
19|20220615|100007|3901-00-2201300.89.00001013|||0.00|57500000.00|610080001013LAK2LADBMB00168610
20|20220615|600001|3901-00-2382120.00000000|||0.00|10741365.00|92.60 610230000088USD15021.0      15021.0
21|20220615|200007|3901-01-2261400.00000001|||5000.00|0.00|2AFFHRT004652662LADBRI00027610
22|20220615|100001|3901-01-2201300.99.00000230|||0.00|2413.06|610070000230USD610230000088
23|20220615|200005|3901-00-2382120.00000000|||150600.00|0.00|10.00 2LADBRI00026610USD15060.0      15060.0
24|20220615|600001|3901-01-2201513.99.12.00000088|||72413.06|0.00|610230000088000000820220615
25|20220615|200007|3901-01-2382120.00000001|||0.00|10.00|150600.00 2LADBRI00027610LAK15060.0      15060.0
26|20220615|600002|3901-01-2201513.99.12.00000088|||70000.00|0.00|610230000088000000820220615
27|20220615|200007|3901-00-2382120.00000000|||150600.00|0.00|10.00 2LADBRI00027610USD15060.0      15060.0
28|20220615|100006|3901-01-2201300.99.00000230|||70000.00|0.00|610070000230USD2LADBRT00017610
29|20220615|200007|3901-01-1131210.00000001|||5000.00|0.00|US002    6102LADBRI00027610 2AFFHRT00465266
30|20220615|200005|3901-01-2382120.00000001|||0.00|10.00|150600.00 2LADBRI00026610LAK15060.0      15060.0
31|20220615|200007|3901-01-2261400.00000001|||0.00|5000.00|2AFFHRT004652662LADBRI00027610
32|20220615|100003|3901-01-2201300.71.00000190|||0.00|169990.00|610080000190USD2LADBRI00026610
33|20220615|100008|3901-01-2201300.99.00000558|||0.00|3500.00|610070000558USD2LADBMB00169610
34|20220615|100009|3901-01-2201300.89.00000921|||800.00|0.00|610080000921USD2LADBMS00334610
35|20220615|600001|3901-01-2207513.00000001|||2413.06|0.00|610230000088000000820220615 Terminal Interest
36|20220615|100004|3901-01-2201300.99.00000345|||0.00|4990.00|610070000345USD2LADBRI00027610
37|20220615|600001|3901-01-2382120.00000001|||92.60|0.00|10741365.00 610230000088LAK15021.0      15021.0
38|20220615|200013|3901-01-1101100.00000001|||3500.00|0.00|
39|20220615|200012|3901-01-1101100.00000001|||0.00|1100.00|
