20220615|39|00|1101100|00|1.0000|481605000.00|0.00|57500000.00|0.00|539105000.00|0.00
20220615|39|00|1121110|00|1.0000|107475111479.00|0.00|0.00|0.00|107475111479.00|0.00
20220615|39|00|1121160|00|1.0000|469600000.00|0.00|0.00|0.00|469600000.00|0.00
20220615|39|00|1121170|00|1.0000|5000000.00|0.00|0.00|0.00|5000000.00|0.00
20220615|39|00|1131110|00|1.0000|591498092.00|0.00|0.00|0.00|591498092.00|0.00
20220615|39|00|1131151|00|1.0000|155000000000.00|0.00|0.00|0.00|155000000000.00|0.00
20220615|39|00|1131152|00|1.0000|92450000000.00|0.00|0.00|0.00|92450000000.00|0.00
20220615|39|00|1137111|00|1.0000|4206027775.00|0.00|0.00|0.00|4206027775.00|0.00
20220615|39|00|1137112|00|1.0000|3038009720.00|0.00|0.00|0.00|3038009720.00|0.00
20220615|39|00|1361100|00|1.0000|2876983105.00|0.00|0.00|0.00|2876983105.00|0.00
20220615|39|00|1361500|00|1.0000|15637860.00|0.00|0.00|0.00|15637860.00|0.00
20220615|39|00|1361800|00|1.0000|36601312.00|0.00|0.00|0.00|36601312.00|0.00
20220615|39|00|1386800|00|1.0000|520184782.00|0.00|0.00|0.00|520184782.00|0.00
20220615|39|00|1388300|00|1.0000|2577560816.00|0.00|0.00|0.00|2577560816.00|0.00
20220615|39|00|1441810|00|1.0000|194544000.00|0.00|0.00|0.00|194544000.00|0.00
20220615|39|00|1442500|00|1.0000|2227055125.00|0.00|0.00|0.00|2227055125.00|0.00
20220615|39|00|1442600|00|1.0000|4523869312.00|0.00|0.00|0.00|4523869312.00|0.00
20220615|39|00|1442700|00|1.0000|463630785.00|0.00|0.00|0.00|463630785.00|0.00
20220615|39|00|1442800|00|1.0000|3370930883.00|0.00|0.00|0.00|3370930883.00|0.00
20220615|39|00|1443210|00|1.0000|1547048800.00|0.00|0.00|0.00|1547048800.00|0.00
20220615|39|00|1443220|00|1.0000|929910516.00|0.00|0.00|0.00|929910516.00|0.00
20220615|39|00|1481181|00|1.0000|0.00|194544000.00|0.00|0.00|0.00|194544000.00
20220615|39|00|1481250|00|1.0000|0.00|1574369045.00|0.00|0.00|0.00|1574369045.00
20220615|39|00|1481260|00|1.0000|0.00|4220373148.00|0.00|0.00|0.00|4220373148.00
20220615|39|00|1481270|00|1.0000|0.00|329598648.00|0.00|0.00|0.00|329598648.00
20220615|39|00|1481280|00|1.0000|0.00|3336567347.00|0.00|0.00|0.00|3336567347.00
20220615|39|00|1483210|00|1.0000|0.00|227507175.00|0.00|0.00|0.00|227507175.00
20220615|39|00|1483220|00|1.0000|0.00|136751545.00|0.00|0.00|0.00|136751545.00
20220615|39|00|2201300|61|1.0000|0.00|14142850.00|0.00|0.00|0.00|14142850.00
20220615|39|00|2201300|62|1.0000|0.00|10481.00|0.00|0.00|0.00|10481.00
20220615|39|00|2201300|65|1.0000|0.00|112028.00|0.00|0.00|0.00|112028.00
20220615|39|00|2201300|67|1.0000|0.00|40282302.00|0.00|0.00|0.00|40282302.00
20220615|39|00|2201300|71|1.0000|0.00|112255.00|0.00|0.00|0.00|112255.00
20220615|39|00|2201300|72|1.0000|0.00|280520.00|0.00|0.00|0.00|280520.00
20220615|39|00|2201300|75|1.0000|0.00|56136.00|0.00|0.00|0.00|56136.00
20220615|39|00|2201300|77|1.0000|0.00|8899242.00|0.00|0.00|0.00|8899242.00
20220615|39|00|2201300|89|1.0000|0.00|207774036.00|0.00|57500000.00|0.00|265274036.00
20220615|39|00|2201300|99|1.0000|0.00|9146484.00|0.00|0.00|0.00|9146484.00
20220615|39|00|2361130|00|1.0000|0.00|8149877650.00|0.00|0.00|0.00|8149877650.00
20220615|39|00|2361611|00|1.0000|0.00|808254172.00|0.00|0.00|0.00|808254172.00
20220615|39|00|2361800|00|1.0000|0.00|89216665.00|0.00|0.00|0.00|89216665.00
20220615|39|00|2362200|00|1.0000|0.00|867421759.00|0.00|0.00|0.00|867421759.00
20220615|39|00|2382120|00|1.0000|30826103357.00|0.00|301200.00|10741365.00|30815663192.00|0.00
20220615|39|00|2388100|00|1.0000|0.00|104996220.00|0.00|0.00|0.00|104996220.00
20220615|39|00|3101000|00|1.0000|0.00|276857800000.00|0.00|0.00|0.00|276857800000.00
20220615|39|00|3202000|00|1.0000|0.00|14207468649.00|0.00|0.00|0.00|14207468649.00
20220615|39|00|3800000|00|1.0000|0.00|70068818324.00|0.00|0.00|0.00|70068818324.00
20220615|39|00|4101322|00|1.0000|3269087717.00|0.00|0.00|0.00|3269087717.00|0.00
20220615|39|00|4101800|00|1.0000|136365834.00|0.00|0.00|0.00|136365834.00|0.00
20220615|39|00|4102130|00|1.0000|44959620.00|0.00|0.00|0.00|44959620.00|0.00
20220615|39|00|4102151|00|1.0000|66208261.00|0.00|10741365.00|0.00|76949626.00|0.00
20220615|39|00|4106100|00|1.0000|40309409.00|0.00|0.00|0.00|40309409.00|0.00
20220615|39|00|4109100|00|1.0000|6622668.00|0.00|0.00|0.00|6622668.00|0.00
20220615|39|00|4201100|00|1.0000|3558962060.00|0.00|0.00|0.00|3558962060.00|0.00
20220615|39|00|4201400|00|1.0000|8027440.00|0.00|0.00|0.00|8027440.00|0.00
20220615|39|00|4202100|00|1.0000|92871656.00|0.00|0.00|0.00|92871656.00|0.00
20220615|39|00|4202200|00|1.0000|150232021.00|0.00|0.00|0.00|150232021.00|0.00
20220615|39|00|4202800|00|1.0000|1012898957.00|0.00|0.00|0.00|1012898957.00|0.00
20220615|39|00|4300000|00|1.0000|115907548.00|0.00|0.00|0.00|115907548.00|0.00
20220615|39|00|4402000|00|1.0000|670330421.00|0.00|0.00|0.00|670330421.00|0.00
20220615|39|00|4403300|00|1.0000|89216665.00|0.00|0.00|0.00|89216665.00|0.00
20220615|39|00|4403800|00|1.0000|11242695.00|0.00|0.00|0.00|11242695.00|0.00
20220615|39|00|4405100|00|1.0000|30402000.00|0.00|0.00|0.00|30402000.00|0.00
20220615|39|00|4405200|00|1.0000|77516096.00|0.00|0.00|0.00|77516096.00|0.00
20220615|39|00|4406100|00|1.0000|25698000.00|0.00|0.00|0.00|25698000.00|0.00
20220615|39|00|4406300|00|1.0000|4708000.00|0.00|0.00|0.00|4708000.00|0.00
20220615|39|00|4407200|00|1.0000|256800.00|0.00|0.00|0.00|256800.00|0.00
20220615|39|00|4408100|00|1.0000|2579025.00|0.00|0.00|0.00|2579025.00|0.00
20220615|39|00|4408200|00|1.0000|1152931.00|0.00|0.00|0.00|1152931.00|0.00
20220615|39|00|4408300|00|1.0000|373846281.00|0.00|0.00|0.00|373846281.00|0.00
20220615|39|00|4408400|00|1.0000|90787812.00|0.00|0.00|0.00|90787812.00|0.00
20220615|39|00|4408500|00|1.0000|35135570.00|0.00|0.00|0.00|35135570.00|0.00
20220615|39|00|4408600|00|1.0000|1837000.00|0.00|0.00|0.00|1837000.00|0.00
20220615|39|00|4408710|00|1.0000|35873000.00|0.00|0.00|0.00|35873000.00|0.00
20220615|39|00|4408800|00|1.0000|172357825.00|0.00|0.00|0.00|172357825.00|0.00
20220615|39|00|4601125|00|1.0000|60471300.00|0.00|0.00|0.00|60471300.00|0.00
20220615|39|00|4601126|00|1.0000|82296336.00|0.00|0.00|0.00|82296336.00|0.00
20220615|39|00|4601127|00|1.0000|12417900.00|0.00|0.00|0.00|12417900.00|0.00
20220615|39|00|4601128|00|1.0000|7887975.00|0.00|0.00|0.00|7887975.00|0.00
20220615|39|00|4603120|00|1.0000|364258720.00|0.00|0.00|0.00|364258720.00|0.00
20220615|39|00|4900000|00|1.0000|8149877650.00|0.00|0.00|0.00|8149877650.00|0.00
20220615|39|00|5101210|00|1.0000|0.00|18240920000.00|0.00|0.00|0.00|18240920000.00
20220615|39|00|5101311|00|1.0000|0.00|15105003195.00|0.00|0.00|0.00|15105003195.00
20220615|39|00|5101510|00|1.0000|0.00|9435821761.00|0.00|0.00|0.00|9435821761.00
20220615|39|00|5102820|00|1.0000|0.00|48007542.00|0.00|0.00|0.00|48007542.00
20220615|39|00|5102840|00|1.0000|0.00|5732088.00|0.00|301200.00|0.00|6033288.00
20220615|39|00|5102880|00|1.0000|0.00|372420000.00|0.00|0.00|0.00|372420000.00
20220615|39|00|5106100|00|1.0000|0.00|7939964395.00|0.00|0.00|0.00|7939964395.00
20220615|39|00|5109300|00|1.0000|0.00|27266250.00|0.00|0.00|0.00|27266250.00
20220615|39|00|9890100|00|1.0000|0.00|16400000000.00|0.00|0.00|0.00|16400000000.00
20220615|39|00|9890200|00|1.0000|0.00|169780596.00|0.00|0.00|0.00|169780596.00
20220615|39|00|9901000|00|1.0000|16400000000.00|0.00|0.00|0.00|16400000000.00|0.00
20220615|39|00|9902000|00|1.0000|169780596.00|0.00|0.00|0.00|169780596.00|0.00
20220615|39|01|1101100|00|15096.0000|153842.00|0.00|3500.00|2900.00|154442.00|0.00
20220615|39|01|1121110|00|15096.0000|401056.01|0.00|0.00|0.00|401056.01|0.00
20220615|39|01|1121154|00|15096.0000|60000000.00|0.00|0.00|0.00|60000000.00|0.00
20220615|39|01|1121160|00|15096.0000|123880.00|0.00|0.00|0.00|123880.00|0.00
20220615|39|01|1127110|00|15096.0000|2525000.00|0.00|0.00|0.00|2525000.00|0.00
20220615|39|01|1131151|00|15096.0000|30000000.00|0.00|0.00|0.00|30000000.00|0.00
20220615|39|01|1131210|00|15096.0000|1046684.56|0.00|175000.00|70000.00|1151684.56|0.00
20220615|39|01|1137111|00|15096.0000|590000.00|0.00|0.00|0.00|590000.00|0.00
20220615|39|01|1151200|19|15096.0000|31500000.00|0.00|0.00|0.00|31500000.00|0.00
20220615|39|01|1157120|19|15096.0000|322812.00|0.00|0.00|0.00|322812.00|0.00
20220615|39|01|1361500|00|15096.0000|7750.00|0.00|0.00|0.00|7750.00|0.00
20220615|39|01|2132251|77|15096.0000|0.00|121500000.00|0.00|0.00|0.00|121500000.00
20220615|39|01|2137220|00|15096.0000|0.00|345952.12|0.00|0.00|0.00|345952.12
20220615|39|01|2161400|00|15096.0000|0.00|0.00|70000.00|70000.00|0.00|0.00
20220615|39|01|2201300|47|15096.0000|0.00|100.55|0.00|0.00|0.00|100.55
20220615|39|01|2201300|61|15096.0000|0.00|2273.54|0.00|0.00|0.00|2273.54
20220615|39|01|2201300|62|15096.0000|0.00|1.20|0.00|0.00|0.00|1.20
20220615|39|01|2201300|65|15096.0000|0.00|1738296.68|0.00|0.00|0.00|1738296.68
20220615|39|01|2201300|67|15096.0000|0.00|140155.40|0.00|0.00|0.00|140155.40
20220615|39|01|2201300|71|15096.0000|0.00|1124.72|0.00|169990.00|0.00|171114.72
20220615|39|01|2201300|72|15096.0000|0.00|1.41|0.00|0.00|0.00|1.41
20220615|39|01|2201300|75|15096.0000|0.00|22.07|0.00|0.00|0.00|22.07
20220615|39|01|2201300|77|15096.0000|0.00|5321.46|0.00|0.00|0.00|5321.46
20220615|39|01|2201300|89|15096.0000|0.00|46596.45|1900.00|0.00|0.00|44696.45
20220615|39|01|2201300|99|15096.0000|0.00|115258.07|71000.00|80903.06|0.00|125161.13
20220615|39|01|2201513|99|15096.0000|0.00|327000.00|142413.06|72413.06|0.00|257000.00
20220615|39|01|2207300|00|15096.0000|0.00|0.00|0.00|0.00|0.00|0.00
20220615|39|01|2207512|00|15096.0000|0.00|0.00|0.00|0.00|0.00|0.00
20220615|39|01|2207513|00|15096.0000|0.00|6927.52|2413.06|92.60|0.00|4607.06
20220615|39|01|2261400|00|15096.0000|0.00|0.00|175000.00|175000.00|0.00|0.00
20220615|39|01|2382120|00|15096.0000|0.00|2284493.38|92.60|20.00|0.00|2284420.78
20220615|39|01|3401510|00|15096.0000|0.00|157500.00|0.00|0.00|0.00|157500.00
20220615|39|01|9820123|00|15096.0000|0.00|0.00|0.00|0.00|0.00|0.00
20220615|39|02|1101100|00|430.1500|282250.00|0.00|0.00|0.00|282250.00|0.00
20220615|39|02|1121110|00|430.1500|449370.00|0.00|0.00|0.00|449370.00|0.00
20220615|39|02|1121160|00|430.1500|4130.00|0.00|0.00|0.00|4130.00|0.00
20220615|39|02|2201300|61|430.1500|0.00|121.64|0.00|0.00|0.00|121.64
20220615|39|02|2201300|77|430.1500|0.00|20168.63|0.00|0.00|0.00|20168.63
20220615|39|02|2201300|89|430.1500|0.00|150611.50|0.00|0.00|0.00|150611.50
20220615|39|02|2201300|99|430.1500|0.00|12150.78|0.00|0.00|0.00|12150.78
20220615|39|02|2207300|00|430.1500|0.00|0.00|0.00|0.00|0.00|0.00
20220615|39|02|2382120|00|430.1500|0.00|552697.45|0.00|0.00|0.00|552697.45
20220615|39|02|4408720|00|430.1500|0.00|0.00|0.00|0.00|0.00|0.00
20220615|39|29|9201130|00|15711.0000|1230000.00|0.00|0.00|0.00|1230000.00|0.00
20220615|39|29|9820113|00|15711.0000|0.00|1230000.00|0.00|0.00|0.00|1230000.00
